3.67742013084 37.7497688437
29.5790945978 -11.7975731703
14.1034311667 -9.75329231383
-0.248938515188 -0.370592222805
34.6034652279 -6.67668628462
8.7827562695 9.33615628066
10.6805799219 -30.9993447404
0.256567096461 33.6737089721
7.79370981747 7.22735336587
-35.2292610763 -2.33998778369
-25.9026090914 9.29957072916
1.14523651662 10.467728276
3.86660061588 -37.1836082001
9.71070307176 -18.7333718062
-14.7984449143 -4.63635389719
2.34691688595 -39.6346815912
9.45790671715 -5.08522153449
2.93907809809 22.7703924415
-4.41683173126 37.7386579456
-4.73285117103 -40.8827038476
-3.38882218218 -2.71409867264
22.7845980651 4.5906837734
-0.229250419899 -43.0545297142
-32.9966581668 -3.48507186407
-13.0010724828 16.6655539674
-20.8483093807 25.4959639577
21.2264036647 37.2410508158
6.67778266826 12.5883844093
14.4599058518 18.5127024808
-4.61735638194 -13.9550393097
2.41555801311 -31.5378546798
-17.732335058 -3.17189876861
-11.2655474099 19.8959287476
14.4264694266 4.01069362219
3.44563933984 -27.0409150934
4.73744618816 18.7009445779
0.718082771666 -13.5135893876
10.0574716685 -17.5170619273
28.6294048357 -11.0116904167
-11.0386904251 -27.2048350287
14.1710142098 15.5476325116
11.5432251334 3.26742076574
-18.4492268483 1.77214508791
-17.015229314 9.30452080988
18.9190346464 26.8533228838
-21.5136514204 27.2828252015
-8.98151997564 16.8123535329
-4.45161948636 -7.93846449154
32.2043690111 10.3148383659
-2.59620202439 35.2751502166
11.8048720629 21.5601198487
23.3730779721 25.3423836313
-10.3784771484 15.3344024162
-28.7671587352 -4.78052263759
18.8077681528 4.71948114579
9.80389807818 6.92559500393
8.96537414625 -42.9220118937
17.8037766088 15.1265903016
-38.6476960926 -1.93750882558
8.15949499092 26.5435989077
-17.5139142455 -23.2532498244
-10.0814591248 -16.5890416821
-10.9409978619 32.9537166987
-13.3509526639 -6.52300922827
-18.3505569602 -2.38429684833
30.4237110098 23.4516011442
-4.17618429436 -7.5541443095
5.46896404043 7.93205426997
0.473007263819 -39.8007398411
7.11998380375 14.3651635111
3.56685719028 34.5654240133
5.38243938498 5.78051016538
29.3833998788 -10.2035682448
-23.3367517775 15.1724013822
3.49408229523 30.2741785203
-1.28947466691 -10.6958807833
15.4134841528 25.101745727
33.9627440028 -6.47600292985
-9.53145769398 -22.5519524983
1.13625526071 -20.623849276
8.38469048216 -45.7707125628
5.15168860737 -21.2529631314
0.0376191665639 -29.0054361053
-2.43612218345 12.6811902104
-0.0569112306291 23.5838341797
6.1201459757 -41.257052887
2.82544132217 -11.7085628991
-23.125402268 -11.8997418587
-40.1203931421 0.0719974523884
-3.86438435907 34.8135386489
-35.0046492862 0.239373789688
9.73441532065 -28.1676679448
-38.7863343069 -0.494753462517
0.00812734775043 33.9363949285
16.5392390413 8.56016947557
-29.618687373 2.17295730719
35.0841998603 -11.8420839494
-3.95168794868 -11.8220460284
27.4653685402 28.0956967762
-19.5283402243 -10.2004890589
-3.86797245905 17.2389190495
3.22184679135 19.6344464542
10.3036747654 -26.8386471629
3.96129453886 5.28591870236
0.0482530844187 -19.5891804164
-13.5782883101 -5.72513648319
8.45443376997 22.1657557151
-25.9328822967 -5.20157018822
16.7835469403 -7.75055027476
14.8258779713 -16.4256944435
-6.35981064095 -7.00865978588
-27.5965170913 -14.0615654104
30.3487578054 -6.08235199848
0.175239987464 10.3144543014
25.4629716791 -8.89832986407
15.7548259367 -3.37910612796
12.1881976249 25.6583654012
-26.1512895153 -5.20374820381
4.59197173594 -1.2426991105
20.7177808761 27.5728509127
15.6492233509 -24.2560498051
3.68535414379 -28.044416723
30.433572337 23.4220564822
-11.8375447201 -23.6122278623
9.40355671184 -9.50386526355
18.2623123962 -26.2368106028
-37.8477885599 -10.3610595436
2.90903214048 -21.8237438922
4.38642444608 -15.4285342722
-6.4549155156 -21.7791602764
-29.1144003333 13.8404701848
6.14546444921 9.38313153273
-9.96467489501 -19.1737435312
9.04549676952 -38.0123807545
-6.01069205377 35.4359769272
23.9688543324 23.2147106728
-3.9301861656 10.4914167834
31.0139417819 11.9355457542
-15.8155663148 25.4517367569
2.3586594886 19.7562466333
-24.4188678764 -4.84752657548
-25.0137630258 5.47114952566
-17.0005338827 -22.2843986896
10.127889871 27.1104170194
0.357357286677 38.5517938722
17.1311653918 23.6388193003
-0.50670122363 -39.9229263711
-13.1775726792 -6.6144597077
-7.68951727963 -33.2535569665
15.5054114433 -27.2885757612
26.8427459906 -16.3669186643
9.19802226408 -37.2885624787
11.6773841973 32.689690303
-3.14980827235 -2.57779599568
-13.5849925876 4.40244491706
14.3858314511 -28.8436842656
-30.7811516805 2.05641163874
-15.0212162947 -0.504047516136
21.7325756834 -8.50607160996
-23.4841095522 -19.4819603634
-33.6606321761 -0.0421717906285
-28.3828541124 -1.25842817595
18.7235872994 6.19663640614
-21.8702994014 7.83018700187
-3.12851417308 -21.4346971338
5.87682023841 -42.3375846307
-24.9009656701 -11.3159157413
-2.16917185211 -40.3016750852
-35.4790370832 1.92840366568
-24.9229693338 -1.00085088895
-19.6330349682 -3.34351407281
-11.9775301609 17.4344697335
-25.650549102 20.0124628885
-16.0935734803 12.4413886177
7.06359892111 5.31217405139
-9.12994893922 -15.4443500187
-36.550304147 -2.89374815038
6.1434533393 -26.5214187768
20.3201226332 25.6371594861
-4.66370802331 -40.3287883449
-16.3447250651 -3.08349297598
-23.1499354516 -23.3748488912
2.47513331212 -9.66345249075
5.40667053293 -42.3398976695
8.27286913929 -29.1314233316
-7.84252331731 25.2255761387
10.8794683755 -23.3588620927
-7.66285764732 -18.0637475419
-23.1312053929 -20.5637101796
26.1859471901 -12.1677134177
-34.0569280402 2.92773609406
10.4287058161 13.6094729134
-21.0516059448 -3.42753159747
30.0749417415 -3.92614655509
-17.098526979 12.8843887848
-3.60440848655 -33.0096530398
15.9866028662 -13.3421838106
-25.0999378466 -21.775514307
4.44806128886 -9.61611042716
-34.1975513044 3.72200814885
4.80138174574 -8.79062158518
-9.10647139464 -3.18274829007
8.31529065534 -24.8807237259
9.37668848281 -44.2546492643
-9.15193102534 32.1687986203
-33.2542919875 -1.27947610775
-15.8606721167 -20.8727999427
-27.5201120503 -10.4013170663
-23.37472974 15.0021190826
13.9202751483 -26.6808206869
30.9798218315 9.28119332282
-16.2642925903 -6.90176352509
17.0281589573 25.7582443526
28.816011271 30.2195059437
-9.16196881999 -27.5939609293
20.8227536233 -32.2044014721
25.4655734939 -16.3541507702
-37.8237848315 -10.3905299967
26.9115233884 34.3922534907
-5.88009691442 24.1741126413
-37.778568571 -5.81616482747
-2.75078861405 17.5975094295
11.070849241 5.12546997658
-9.19620130404 30.7048284985
4.59566796797 1.61490745367
27.4091045895 -17.7279081717
11.4189263485 4.9068354139
-0.803098051451 37.3535420032
2.6741446337 18.4700013189
9.16762533991 18.7352744743
-4.67740608518 36.0688763451
-18.8538524771 5.61662520806
4.83205065644 8.95404367722
-5.28867543044 -4.41807875785
17.699909352 14.850850485
-8.31290653836 -17.0704166778
-12.7063647269 -28.9916488114
16.4071618064 -15.0738657034
0.613612390003 25.0811445107
23.9906435142 23.0872749279
-23.2032660408 10.0775504213
5.52153124782 -26.9867285659
7.56050066517 -26.1977409005
22.0862044358 4.19921938417
11.0066963461 -3.70528565707
-2.11785702017 6.77412322467
-20.7440995376 -5.8310960924
1.44899261717 41.7808400343
-0.118234600051 14.8018972694
9.37734576303 23.3484940756
-17.1192311299 -15.864394944
-5.38224495937 35.585054836
24.851467129 35.6062076881
-9.71646599837 13.0243034602
1.50802242483 -27.4943845046
-36.8825522566 5.99910388618
14.4756242176 -17.0588192786
1.4977969588 -13.4850747578
-2.46564327804 25.0351976687
16.5737056876 6.34119132258
-6.35472008302 16.9508140033
12.633348876 -11.4197251213
-36.2492943523 -4.5623781516
11.7065289609 11.4307413614
22.8237951656 19.8917741401
-23.9784903263 -19.6048726613
3.84928211631 -39.593144692
-17.6413169596 18.2310298415
-1.2847346171 25.7516118326
19.7292142138 4.63296101341
-32.3793851743 2.77713944652
-29.1113930693 2.31296690264
2.55516393288 -41.6687794736
17.1178262518 11.7095468226
-40.4455244036 1.1492445414
27.989672484 -9.99929098184
10.1362880122 -23.1568471503
-11.851620901 9.16424613975
-16.3849738166 -11.8141935804
21.7853879699 -26.3975404806
-5.12356174558 -4.60569978177
13.6117096299 -11.0277224025
23.4722734926 29.6777970701
-11.9343828082 29.2627247066
13.8782370354 9.66291702823
17.6767259092 5.65578024904
2.58203664649 -32.9624418513
0.201952223846 -43.6829515713
-27.3044897947 -10.5559003194
-11.3034164574 -27.4904751733
32.8128181591 7.77918008888
12.9453922014 -36.0067205071
13.0910284775 12.9733919439
6.19318249552 18.9846606471
-17.7772926548 -23.6632343366
8.38887964698 -44.6301247434
-1.32953502547 -25.560422251
16.3751868546 26.5573586223
-7.51345962258 -32.6187856485
-26.9226917109 10.7614936698
-1.18348970331 40.4154739502
11.9669040513 21.437775312
16.8145525207 29.9024688475
0.799483633751 -1.6434348273
-6.02086374359 31.1655599628
-2.25964501396 32.9973000026
-18.9353514594 5.00807127811
-22.6485214483 25.6580180295
5.07998425641 -43.2530857675
15.628734957 -24.276568396
-25.3878327787 -17.5107502551
31.1438698312 -17.6874565507
-2.16045320408 27.5315155636
18.7547529665 13.899692104
12.8378191259 18.139960317
-29.6818160577 -1.28679605881
-12.4195468551 8.38854133421
-8.43219183125 -22.0988848165
-9.36016947905 -19.4095354904
-3.23932517462 -7.335273216
-11.4467460815 -10.1067882501
31.8047150969 -4.90047496746
-16.6319131704 -20.1236675719
1.67292005167 -35.4751961921
8.01558491412 -33.1524200772
-19.2609150043 20.3433565032
28.0652122842 1.90511738385
26.9140397981 -5.02604035693
13.6950142659 -24.8811123386
-26.7482807957 24.0060131046
-11.2206707003 21.3897120232
17.9172371461 26.8050151376
-33.1205600834 -1.12289440138
-11.2593043197 20.1571813652
32.9676248011 5.6175529115
-22.725092403 25.6857339896
32.287175257 -14.6877795017
12.0740030841 -23.4763385134
4.46261808044 38.0672905197
-26.2312240672 18.2775776114
33.1073135559 6.77926304485
28.9327055773 -7.77070192503
-4.55616673934 -18.127025803
-34.8871985481 1.61295257752
-9.38457348989 31.3784354206
1.54401953758 18.4360202649
12.1855889187 -6.92563945223
-23.494635946 -22.1226971686
-13.2962052734 25.3445524189
31.0278734019 -7.14255585021
-23.0169883595 -3.67534900682
-38.4080982758 -2.62042198085
-27.8569721802 -15.5783715675
26.3215096699 35.3905636241
-25.2818074474 24.7821452156
-26.5069751498 -17.2057101517
1.83733925139 -5.56468309039
-36.7730150207 -3.63810594776
6.58256356755 -13.0688474714
-2.54763344298 -42.5540830346
-1.84865136319 41.3988299289
8.3994049143 -21.9604289304
0.237088900389 2.56612177474
-3.08098065742 12.7300417834
1.3438341921 13.8566855479
-7.33008054999 -6.68537609173
-7.59060988102 -26.5476631869
-17.8783403506 -5.97961336896
-3.81439868199 14.6736672797
9.30028736582 -2.3283781333
-4.55143449125 -1.30785076716
14.8333084455 -26.6113541509
9.71506792557 -26.3813292524
25.7714073884 30.5635205941
-8.52560175262 15.6776452631
20.3616495501 20.1187249705
-26.8625801227 -17.2750685885
10.6337918423 12.2082598085
20.7053321883 38.0875045095
-1.13043254649 3.29718388083
0.641109471923 38.0781516114
-7.15803168112 -26.2827479849
34.9542562072 -11.4617170042
16.9516856208 -20.6987913839
0.762797289682 -40.4770608256
26.6443477948 29.0861660493
-0.448965318417 -35.8231385264
28.3278387432 33.0047877209
4.93347260074 5.83763366732
-1.03209126656 -19.4052642403
1.44324036561 -2.76838036518
-2.18220559071 -11.8055725137
-9.64938542723 12.6757644492
7.89522810082 -26.6906261209
-11.9539003267 -22.7492071035
14.6955702042 -20.6241194045
-14.4983384505 7.33474749564
6.54742535383 3.84232161377
6.81560484436 11.254807768
20.3371261382 -23.3864742457
-17.3943331734 -7.87858110353
3.02745389695 21.0593398777
-12.7778109225 -19.3489448524
-0.63928612046 -23.531496453
12.5672812366 11.7615299265
14.1240523032 22.1083837886
-17.4828564265 17.3548540884
-7.88587554274 -24.150956767
-15.096441746 25.5824730288
-6.55634536219 -10.9676282774
0.446422635018 -3.0309011029
-0.0638246350313 13.0652473331
28.8376892269 -2.18839009968
19.8842643766 7.42900573623
-18.76285788 6.19657752582
23.0373489411 5.0234151592
3.12194262004 -36.956785501
-19.0218343892 1.25439811104
-28.3678605891 -14.0549697807
-11.6353539348 18.4561371666
32.4644727975 -14.651535272
-41.0593081842 -2.06550085911
-3.4183468953 -31.404434903
-9.63020151646 14.5724407829
-11.755305154 18.0980683313
-3.86002369208 -43.588161827
20.4544957672 5.9643131603
-0.979813251627 -41.7572102456
-39.5840366446 0.900544064185
-15.9641573764 19.0069529726
27.4912839932 -17.5940603898
1.02966564039 -43.1290984911
-18.428447199 -4.94335318108
-1.60359482206 3.33976685754
5.82200803676 18.1258627678
-2.07395477429 -24.2809607099
37.0985907591 -12.5531375015
-23.2658028312 24.3426397828
-29.3322129228 2.33986803511
-24.2817669551 4.23045152215
-5.98101142629 37.1425594506
-1.36259221491 -32.046949894
20.4903112255 35.6462424511
-6.29811614095 26.3031565306
1.90360707552 40.1018833576
3.73623378416 -29.3479929454
6.43146186605 -23.6466445401
20.2861747304 35.3627830492
20.2144123256 5.24788173568
0.00980394197699 -38.7334382812
30.4077866582 34.1724435543
-4.35956869903 1.00724541671
4.56338278363 -3.27156610095
9.7983108155 28.2416459034
11.6790826957 15.6695334265
22.7764535348 -10.6118396861
-24.6491214121 21.1057545495
1.13192437079 40.0860925108
13.0041950631 7.7897148922
-2.11265604151 6.82978772721
10.6265693358 -6.76130617091
3.0473852479 2.75404945278
4.62811210693 8.63711731124
32.8904199684 -14.9546114505
12.3079529985 -24.8050875438
2.73838515082 31.8600949808
-12.2347601925 6.15652363444
-15.9367045837 5.58589237331
-2.61884378428 21.4361005377
10.5974463687 27.556255646
-14.0509077221 -22.613879213
9.04262983639 -42.9222445117
-11.7453953922 -23.6636140717
20.362863696 23.4620178958
7.95710967561 -21.4306500665
2.33162171819 29.6097375239
-37.872016391 -5.13058079146
-11.3392265763 0.860787317744
32.3433961569 10.5354824905
-4.35006571312 12.5782654598
9.55923004524 -41.5255541204
26.7663836731 27.8560843184
1.92854501034 41.5252442345
10.9689580824 -27.4840197924
-32.0220750304 -0.00777729133632
0.697640754507 17.8038824928
-1.01525000259 7.28148593927
-37.5530823467 -0.505636545354
9.54738376943 -37.595881242
-5.4491793679 6.49708450596
34.278819434 -15.9639073713
7.06856276586 12.8506654658
7.89304699492 -23.4202581468
-27.8868387168 -6.67432038764
-6.36380918273 -25.0735995202
31.0620962559 -8.39738190108
2.70299456826 -13.3979705909
8.35353344739 -39.8759966423
-11.3184213126 8.14022822971
32.2073655614 -16.7144659552
3.74669957754 1.90018955215
-26.8466123269 18.919937703
-3.66993283316 28.8662444317
26.8016194305 30.1252898608
-13.8080333796 11.4849982486
31.3998044273 33.8003761098
6.07644926509 -11.1810537707
4.93624831883 12.1164488085
17.2799276695 -1.8808286862
-3.97312435589 -23.688450344
14.1062882477 30.6093010835
16.3878058358 25.0489488494
3.4722335515 40.3236246865
-10.4630055686 -16.3345015024
16.6106072701 26.5982051462
11.3732911862 32.7614333087
-5.21487376777 17.2214324496
-25.3810827326 23.5337585694
-23.1991985688 11.1958055806
-4.18536288036 21.4032833175
11.6096452706 13.4227268351
-6.48827770715 -2.85652028592
35.1771154266 -14.9424915262
14.0304378773 19.1089700913
2.97540520969 18.5357733476
-6.81688678956 -24.6344735632
-15.5913375066 -10.3490889424
16.3179251096 -27.3638794487
-4.01382072166 -11.3320468965
15.8804040634 10.1277867891
-27.6470543684 24.4095167482
26.2256210809 36.1540383398
-4.13190599517 22.0041739404
31.6343859703 -6.31230460195
-0.00581469037591 -3.66767155318
-16.9694938679 -12.459033438
2.3639915476 -41.4618445817
6.22831928231 21.3996750801
-17.2811718719 -9.63958878509
30.8178488595 7.53694233919
14.3255498505 -21.4475793528
-6.11444440022 -2.21442921959
-6.22489343401 17.7901737106
4.09769171239 -24.4394587369
-14.2629963754 10.4567994363
-6.22568176195 11.0239774064
-0.228834115937 -34.2329099498
13.9131403667 -1.16645882656
25.8932697213 -14.0133665656
28.0931259824 34.157659747
-16.2285652963 23.9201597965
-21.2365586488 -5.52069451376
29.864575268 -12.8610193756
2.55737887632 32.080667083
-4.44334666709 33.4576384478
34.8375822106 -16.4263092479
11.3358407407 -38.2427265703
7.48405565178 2.90954429923
19.1331900278 -25.9292680469
-27.9106703201 14.1620584497
23.0668138164 25.6265633414
20.2953970018 32.3523985519
-24.4102825565 0.844518889699
-23.1378270979 -11.9507981984
3.00073615171 -18.3544599407
-39.8654343179 -4.27091658115
-25.8943972306 13.1650317126
-19.4673014582 -11.917660041
-13.7803216275 11.8556402273
-9.5079510401 -27.0923644871
8.97777389162 1.37931951238
7.08303327143 28.5352919664
-33.8643265416 1.09101099685
4.74718976599 -34.9142067557
-19.4876723649 26.9080774262
-5.60148356846 17.3104477706
-14.5672232395 -1.00545993913
1.8282510995 13.122343438
-23.2999060098 -21.9975488002
33.6938472937 -13.3604256965
-37.7899095653 0.949793476065
1.37389927531 -32.3470219751
-10.7090388805 0.263947999082
4.35108412539 -1.49273808581
-29.2607467913 15.4508353526
-4.06834965585 -23.2746641549
19.5412469505 1.92145359998
-17.6380632091 17.7647582751
-7.65052233669 20.4055763561
-22.886048573 -8.1066590974
-5.16769234172 13.5461543039
-13.7024710127 25.5721536438
-19.5602228685 -15.5992223764
2.97470566073 23.9459970354
5.75623786408 -23.6914307619
10.3222712046 16.6413234531
-26.389507598 9.80491775058
-4.02866662809 11.7677883198
-10.2129853108 -18.9515490724
2.98364577635 -39.0392690361
-15.5793171331 -8.36957129274
-6.72383730832 3.8551033625
8.71442389665 -37.0453430098
-2.39060228225 -44.1290366504
-26.9087063254 11.2528347292
-0.962960041456 25.1351334387
4.70629435255 -34.0693180231
6.60829465555 25.4685540267
-0.633727269945 41.9223461055
-25.2154506636 25.2390191512
22.6105180719 -24.229480612
-4.07913323079 1.03259605756
-26.5057756125 -15.5820570777
-23.3252131934 4.82908271489
-6.63891383395 12.8081259457
-16.3925637985 -10.1333354116
3.35149139787 7.79217474402
1.62255960418 24.6786051242
-5.72250659481 -8.14038162612
15.7121323729 -1.35143096605
-22.34779147 12.544717779
-36.5398529201 -0.720021861669
-6.39918567158 -30.7871231971
25.4982888425 -9.25270197203
16.802335132 10.2847226992
18.0561988774 24.1624392297
-13.1266314002 -9.75852449328
6.46116373211 20.3289339913
1.38668464154 -37.6707001084
21.7653055494 29.9702167814
20.8836746565 7.84236607681
-16.180643836 9.65428926677
34.0294980607 -12.9648115493
-25.3482751832 -14.2824127818
25.543598484 33.3448346816
29.3019140619 -4.89277586645
-16.6186211314 -15.3686614402
-23.1376839592 -7.92696545503
16.3955766254 10.3530956402
9.89960081977 -44.3311619397
-15.3920849653 -2.2578964052
-16.9166735065 19.1272065516
8.48543083743 8.78630708335
-4.28505085663 34.0936474665
-8.90999192024 -19.9065333026
-39.7209528124 0.372350343831
19.6978500406 30.8645877487
5.13216801733 -12.4733735865
-1.77114070482 42.3193486827
21.0172149558 26.6065021445
-31.5240346156 -2.1443784799
32.4703525184 8.37046506716
28.875705071 34.4474046208
-26.0817181878 12.4671263343
35.7198780345 -7.68858752052
-7.62039918704 15.4648138919
21.1245997902 -32.9372398319
-10.2879317498 -3.0458706561
20.8649152684 37.6396993334
30.0260932314 35.4267967408
14.2550826641 12.8592214316
-24.1845235993 4.54480942375
-28.5164214086 17.1512416265
6.81488902177 8.11246919538
-6.15797285809 3.99552009573
-2.16785656322 21.1690614514
0.0350315798103 -29.1869143175
-33.8364014646 4.16708531413
-23.9772750105 26.6860891261
-1.28383187255 35.9417961342
-29.9928541244 13.5267829794
0.683577282028 -41.1050738325
-8.23694709597 32.5782611191
-2.60699256012 -7.37834877974
13.1849733825 -16.0575870766
-11.4344591629 29.6151792299
-35.7351620591 3.07568699986
-10.367783877 4.42202904785
4.61441181029 3.76557440021
31.5533965714 -17.4156400921
-38.6885541275 1.62657340702
8.81863616185 -32.5866008961
21.1713346429 -23.8610633927
8.1354408348 4.0900237074
-27.6487454039 15.5020134307
34.5244519451 -6.02798639223
31.7768488438 -7.88338370125
-16.4640138578 -21.2622226069
-6.18321104668 -23.650658981
-19.6850225457 25.4520502745
6.80234341341 26.3170246838
18.612882041 -2.33710268057
1.10162772675 42.9279771384
15.504459572 13.2909578254
-21.5504830565 11.2623921478
-29.0612785135 9.20775177222
26.5794322211 -14.1457413146
-25.222812101 -11.7994341434
-12.6313163792 -19.3795163554
2.50978484656 29.7509783627
-40.9731920605 -1.25488878551
-10.425875887 5.62973881189
7.94423960872 -24.5152508868
20.5333824737 3.95431979013
-4.11670363761 22.3072327091
16.7738919482 33.1317327106
18.6755334409 10.5422895559
32.6268246306 -8.07231226301
22.9357658043 -8.27347628186
2.97501777014 23.4342527673
1.95291213808 -5.20840762522
15.7850584495 30.1223039735
-21.2225347382 25.1664521194
4.92763057386 -13.7049853002
12.8008578255 -27.1445835209
-25.7708553197 26.2071565475
23.0849827699 -11.1521498404
34.1994914831 8.72572995274
28.9643143578 35.8759022144
-27.8668032921 -6.89651669809
-13.3539166225 4.89914646135
-35.6770418894 -3.66757072789
-6.45972873505 -18.1492640119
-9.75798208341 -9.8480165394
26.4469006244 29.8609324874
14.7506924101 -28.4922685088
12.4735652946 -0.275003056631
26.2632677966 -11.2544129857
-27.1933790844 -13.7603600873
0.193884634742 17.422306467
-40.1265672654 -0.55193764597
13.1669531098 -34.9768614992
-13.1456726008 -9.18909269382
14.3819126576 3.92294630287
27.998237968 30.3652749503
-10.6694681306 21.4771691344
15.4137227994 27.0760316648
-1.74742543025 -34.2412088515
-40.2076316079 -1.96759130005
-5.3984006203 26.4400930033
-4.14123907604 -17.2088500343
11.3078990041 16.9655624718
9.29635241896 2.17572585533
17.7690398778 -21.0581708216
-1.94767742441 -37.6292980266
1.76038579892 38.3707873901
28.4823227561 33.8191506864
14.2791720213 9.87621836177
7.43777801741 6.06040967156
12.4910925195 17.9859667213
-26.4473315254 17.5002502476
-8.48048029115 16.5655401588
12.2323643053 21.0139678154
14.4000909753 6.63336717452
-0.864121290007 22.6860522843
32.8078056099 11.3493727081
3.19112386432 -13.631360255
20.8935284029 -32.3691182496
-20.0367845288 0.678864932059
-20.0929754607 -0.349704412399
-19.977491581 -6.78004737294
35.114376878 -15.0775454085
5.36149744437 14.3147506076
9.21776277089 19.0136199745
-7.55401482716 25.6393010591
14.1196996331 26.6313454069
-24.7809867358 -20.7797205564
-11.3197575621 6.53865841531
-16.0331461534 5.60365121954
29.5064912626 -5.30747897496
6.08804371854 22.087870451
-11.9715204065 -6.42721057055
6.55875646122 16.9260163622
8.51433472727 4.72182938962
-19.0447527861 4.43443485337
9.27467906295 -3.72435942192
-35.0551585274 -0.543035148801
-2.84117165056 -25.8766761274
31.1534038382 -14.7983471026
-2.44903198789 3.06191730274
-22.2076536681 -8.36825141878
13.2775760949 -22.625014568
-22.3393018495 -20.0538990132
3.34864568127 1.4060137507
12.0826823243 0.171214564318
-17.9482849306 3.40955365579
-6.13411872398 30.84793576
-10.5332978201 29.7406403295
-20.5130465947 24.8435045344
5.40252468834 -41.592597915
0.817619255344 37.8457420159
-5.35618649718 -31.6404725351
14.4195820496 12.8540653309
0.104433731957 -44.4858031334
33.3339388237 9.73143034016
4.54541195573 14.3569224569
10.7383747187 -30.6448395501
-25.3128392216 11.328238735
-3.21655162577 -32.8185359826
13.7212120965 -34.1324621774
-4.26064249201 27.3018682263
23.4035315697 29.7280971638
32.6078964969 11.3955359466
5.43254028022 -0.518875160099
26.1272603553 -12.4267508202
19.5558113354 2.05171363397
5.0237870047 -39.1974171354
28.2724273302 35.7077153371
35.8282106696 -17.1487538295
-20.3112959504 -9.47640241698
7.19767084994 -41.8012422302
-38.1188279129 3.13381683809
-1.02880678466 -44.3772124369
6.07260686783 -11.8505114367
37.5493734735 -12.3277792086
-8.01889917401 -2.61216367846
13.1579144332 -2.26460154027
-3.94289442774 27.6684373161
-13.639991799 24.61003144
-7.83605226265 19.6541954247
-28.0523313055 -5.59720121407
-18.0055575703 -16.7423575337
32.558320409 -8.59684796487
22.7721629986 35.6787066096
20.316962978 24.0372830511
16.4419196129 -0.0337167025718
-20.161005045 19.0262863701
16.7739915222 35.0861813929
14.5092084882 -19.5184331779
-8.48367390728 33.6982227717
-24.919355697 -0.625912488475
-6.38583131273 -31.6039218816
-4.85515889049 -23.6333796507
4.19203296172 20.1719401893
4.58972967177 10.0085555934
0.758008271847 13.8226090389
4.50760218177 14.530523176
-7.68627526625 3.39094885323
13.9542318346 -10.5165893118
16.4515898854 8.99050166491
-13.7460945426 -10.3014593984
-2.40315135053 -43.112423668
0.29699914328 -33.0204671681
3.30310876615 -43.6568275691
-22.8543819366 12.0013440515
-37.9042941349 -4.41525978632
-0.517731733554 -31.1315444283
21.484903946 4.71361842841
22.0177280774 -25.0338649498
-1.97673781811 27.5650562813
2.70724775855 -10.3396439888
-1.71676774552 -11.7565790799
5.27391379523 -40.0823620885
8.34298857167 -3.21499266964
-6.35037232762 -13.4188609023
1.27351720092 -27.9232322487
-14.9056396853 -8.26167635935
-4.32307198342 14.2320423645
-14.0810258203 -1.22118231084
-9.42747500764 -23.2882013947
11.9463421654 -13.1009471207
31.451445555 -10.7553337944
-15.0406379019 22.751048628
-6.13930740763 -9.2797005787
3.9442511292 37.4363395804
-12.856860695 -29.0402510468
-2.61541837827 -10.8750658396
19.3168790068 30.7150784702
-16.1820647603 19.0771616904
-4.3059824591 -25.8466220968
3.88423494995 -16.972701034
-28.1783139613 -9.59798302409
29.61161275 -10.9602582096
2.13077725768 -4.55122328653
-26.6933794606 -16.2037294611
-10.6357664038 -10.4106574488
15.6528780771 29.8640334808
20.2260031601 7.70544219346
-32.5991128286 -6.355329283
-28.5831818972 -16.309885588
34.1182538568 8.81465169708
0.0361355599015 -0.844242388107
7.8360262883 -2.38551081125
30.0840048374 34.5121663025
-14.5803021896 7.77174158662
-20.9034591517 24.3454771302
14.6467301436 -33.4545843526
4.01898253674 -11.3591614097
19.5107571063 -25.7576522541
12.4956342305 -1.2096756263
-7.37086551603 20.9120885334
7.6032431551 -34.0811648905
-37.7695080759 -2.77321782468
15.5498650364 -1.21717414832
-2.87002600705 -24.8038722653
5.63428752158 4.75014680538
-25.5816719399 -0.279961379075
10.4934431555 -21.378732506
15.8806472184 -15.6139178653
-28.0022918205 -17.3533505709
-20.3433634532 20.1182394087
8.76263881268 -2.91239957918
4.95233985904 -17.7470904912
0.837419886209 25.0476629165
12.6451289985 -33.4501601251
-0.814868489227 34.6653444409
31.5808341123 -4.16885420635
11.7285949139 27.9431265037
32.3525642284 8.36128282901
13.2931759846 8.43355990626
-8.26690204425 18.2359862343
30.5000118019 -9.40663999044
-11.6482830401 -28.4408406709
-19.0313105325 -4.42088172882
21.5538681824 -8.48595728465
14.7509404032 -2.13579938792
-15.7793812911 -21.1545549672
25.231461385 -16.4008148669
-34.4085047979 -2.22277439963
18.2569636277 4.45283843805
8.23287831522 -35.918600238
-29.8379597394 15.9603877264
-5.04803647909 -27.3004851778
5.04611893572 21.6581418747
-0.528854543137 -33.9819994555
7.13611134084 16.7372382877
-4.43802472476 9.51196605322
-5.11197938907 -22.1462575084
-7.66167922341 26.3871206106
22.7312951928 32.3212342691
-8.01844207286 28.0895764522
28.7571006324 -4.9038506282
-37.4241721615 1.38377787698
36.400299599 -18.1159359745
2.80511934445 -10.732471143
14.5638393179 -12.1760743812
-5.84785819809 -13.5354358681
-1.50447803954 40.5983942643
-39.7864030586 -1.70501552194
-7.72536626496 24.0682352122
16.9705402232 34.7524705592
11.5929935392 -12.5693952195
27.0055601306 -7.74461471809
2.62410527123 40.237784893
-18.5641354033 27.4095387331
37.8636009464 -10.9709077898
6.4567474869 -42.7818848655
26.4082510187 -4.76834866228
8.14288330139 -44.1054820849
16.0294752081 35.7957078473
-0.018669263987 42.0158446419
14.3948024012 -33.641185681
-22.4420764613 23.3008058715
-5.15538546667 -1.43039910897
-18.3293482832 -11.9829492457
3.65520842014 -24.9688413794
15.5391262667 -33.1833410503
-1.06090045883 -31.9936825432
-17.8643004172 13.2889047966
26.2907725402 34.1500637978
-35.819004791 -1.56680606386
-17.015778091 23.7013057563
-5.6056249535 1.02595506091
3.12884148398 42.7274660831
17.0500526494 7.05545293139
5.12939462917 -37.7489642898
33.7879259357 10.5487405739
10.6410103991 -6.81984666867
-14.7097007952 9.23353557597
-28.624934788 9.76123853037
3.60129660603 -43.2350094233
-15.665472332 10.6668506946
-2.10655095951 -37.5583339744
-23.4528680786 24.4820054965
16.624525238 -7.54296793959
9.84878648539 -18.2195213932
3.30255714288 -17.1775107177
-23.203755474 23.2076478927
-15.6969696701 -14.1370258514
24.2811300181 32.6883125044
-5.84187313043 36.7988617389
4.83893955088 -3.5040911603
0.0854749161834 -4.30643154997
21.2168709231 27.8871100006
15.8804206583 -4.34148714394
-11.8046120123 1.44868091459
-34.5209200278 -5.43842609353
-7.57300335528 -9.71814174968
-26.1033667637 -11.3283318456
-16.8378394882 -19.3010393173
-24.4253785765 -12.574544524
-2.82323070495 -43.7518818935
17.0340360352 30.1744589955
22.4661630276 -24.4007497033
0.850738750816 21.2515939047
-27.2524710958 11.9432241824
4.78742218699 -17.764872835
-9.87012199233 -0.0784113853849
0.228402668369 -41.8326871152
6.13452549117 -43.6981041361
